Jan,Feb,March,April,May,June,July,Aug,Sep,Oct,Nov,Dec
31.62580645,33.75714286,36.92666667,37.61333333,36.74516129,32.82333333,24.22258065,15.78064516,17.95666667,21.70322581,28.90333333,31.2
27.31290323,26.59642857,29.22666667,33.47,37.71935484,29.30666667,21.76129032,15.66129032,15.13666667,19.5516129,24.24666667,25.8483871
23.52258065,23.65714286,26.16666667,29.08333333,35.16451613,28.33666667,20.20645161,19.13225806,19.84,20.82580645,23.02666667,22.96774194
28.73548387,30.01428571,31.92666667,35.72,35.70645161,35.06666667,24.84516129,18.94516129,16.63666667,19.73870968,27.77,31.68064516
31.93870968,33.91428571,37.36666667,40.62333333,40.81612903,40.42,29.5516129,21.04516129,20.36,22.57419355,29.64,31.94516129
30.99032258,31.87857143,34.00333333,38.43333333,36.98709677,33.19666667,24.55483871,18.21290323,15.61333333,18.77419355,27.98333333,30.6
33.8483871,35.325,39.22666667,39.66666667,40.51290323,40.25,30.73225806,22.52903226,21.92333333,23.58709677,30.78,33.56774194
28.56774194,32.56428571,36.97666667,41.37,35.53870968,41.19333333,31.60322581,20.42903226,17.04333333,21.17741935,28.45,31.05483871
36.8516129,38.07857143,41.54333333,43.16,38.15806452,43.03,32.92258065,23.26774194,20.69666667,25.01612903,33.26333333,35.71935484
33.76451613,34.4,37.01333333,38.1,37.8516129,34.04666667,26.44193548,19.03548387,19.13333333,23.53225806,31.04,33.38064516
35.42580645,37.12142857,41.89,41.22666667,39.20967742,39.92666667,31.4,24.97419355,22.32,25.1,31.73333333,34.12258065
32.37741935,32.59642857,35.64333333,38.27,39.24516129,36.85,28.70645161,19.91935484,15.71333333,19.86451613,28.96333333,32.7
35.21290323,35.83928571,36.8,39.22333333,36.97096774,31.33666667,23.01612903,20.70967742,20.16,23.2516129,30.11,33.88709677
30.15483871,30.93928571,34.43333333,36.69,36.44516129,29.47,21.18064516,14.77741935,14.79666667,18.94516129,28.09333333,31.43870968
35.93870968,36.30714286,40.24,45.62,35.82903226,36.6,28.77741935,19.53548387,17.88,24.97096774,31.42,34.89354839
34.98709677,36.97142857,39.56,42.50333333,42.41612903,38.25,28.4,20.33225806,18.88333333,22.67741935,30.64666667,34.10645161
33.92580645,33.70357143,37.87333333,39.71333333,38.13225806,36.08666667,22.31290323,18.4516129,19.26,23.37741935,29.32333333,33.17741935
33.41935484,34.07857143,36.89666667,39.15,38.34516129,36.34,24.33870968,16.76774194,16.35666667,20.33225806,28.30666667,31.32580645
28.01612903,27.26428571,29.23333333,34.22666667,35.8,27.05,19.87741935,14.83548387,14.15666667,18.93870968,25.09333333,26.26774194
28.02903226,28.89642857,30.75,32.55333333,35.1516129,28.17333333,20.37741935,18.72903226,19.10333333,21.90322581,25.43666667,26.84193548
33.47419355,34.54642857,38.59666667,41.31,39.22903226,28.85666667,20.95806452,19.32903226,19.41666667,23.37096774,30.02333333,32.99354839
33.82903226,35.64642857,40.17666667,43.15,41.73548387,31.10666667,24.02580645,20.44193548,18.7,23.23548387,29.42666667,32.6483871
26.83225806,27.93214286,30.22666667,32.94666667,34.66129032,25.71,17.50322581,16.95483871,18.38,22.3483871,25.19666667,25.69677419
29.60967742,30.03571429,33.9,37.44666667,38.57096774,30.36333333,22.57741935,17.46129032,17.61333333,20.72258065,26.82666667,27.5483871
29.23548387,30.64642857,34.65333333,39.75333333,40.74193548,30.46333333,21.98709677,18.18064516,18.4,22.70322581,27.87333333,28.29032258
34.02580645,36.83571429,40.67,42.15333333,40.08064516,31.16333333,22.33870968,16.42258065,18.62333333,24.4483871,30.91333333,33.43548387
29.33548387,31.03214286,33.13333333,37.79666667,39.42580645,29.02333333,21.68064516,16.07741935,15.9,21.09677419,27.53,29.47419355
27.77096774,29.36071429,32.83666667,38.39333333,34.15806452,28.66666667,20.87741935,17.08387097,18.74,23.18709677,28.76666667,30.31935484
34.40322581,35.95357143,39.59333333,41.04333333,39.01290323,29.46666667,20.61290323,18.5,20.15,24.79677419,31.12666667,34.17419355
